0.0
0.0
0.0
0.0
0.0
0.0
0.0
0.0010013580322265625
0.0
0.0009703636169433594
0.0
0.0020008087158203125
0.0009992122650146484
0.01799798011779785
0.015999317169189453
0.11299991607666016
0.06099843978881836
0.529038667678833
0.03699898719787598
2.670997142791748
0.14299845695495605
25.76697039604187
0.4319891929626465
6.560956239700317
0.8220093250274658
7.0140016078948975
8.571048498153687
59.844998359680176
32.39998650550842
0.0009999275207519531
0.0009992122650146484
0.0